Label,Number of Queries,mAP (Embeddings_Raw),mAP (Embeddings_Raw__Int),mAP (Embeddings_Raw__Res01),mAP (Embeddings_Raw__Res11),mAP (Embeddings_Raw__PCA_N_C),mAP (Embeddings_Raw__PCA_N),mAP (Embeddings_Raw__PCA_C),mAP (Embeddings_Raw__PCA),mAP (Embeddings_Raw__ZCA_N_C),mAP (Embeddings_Raw__ZCA_N),mAP (Embeddings_Raw__ZCA_C),mAP (Embeddings_Raw__ZCA),mAP (Embeddings_Raw__ZCA-cor_N_C),mAP (Embeddings_Raw__ZCA-cor_N),mAP (Embeddings_Raw__ZCA-cor_C),mAP (Embeddings_Raw__ZCA-cor),mAP (Embeddings_Raw__rZMs_C),mAP (Embeddings_Raw__rZMs),mAP (Embeddings_Raw__rZms_C),mAP (Embeddings_Raw__rZms),mAP (Embeddings_Raw__MedPol),mAP (Embeddings_Raw__Int__Res01),mAP (Embeddings_Raw__Int__Res11),mAP (Embeddings_Raw__Int__PCA_N_C),mAP (Embeddings_Raw__Int__PCA_N),mAP (Embeddings_Raw__Int__PCA_C),mAP (Embeddings_Raw__Int__PCA),mAP (Embeddings_Raw__Int__ZCA_N_C),mAP (Embeddings_Raw__Int__ZCA_N),mAP (Embeddings_Raw__Int__ZCA_C),mAP (Embeddings_Raw__Int__ZCA),mAP (Embeddings_Raw__Int__ZCA-cor_N_C),mAP (Embeddings_Raw__Int__ZCA-cor_N),mAP (Embeddings_Raw__Int__ZCA-cor_C),mAP (Embeddings_Raw__Int__ZCA-cor),mAP (Embeddings_Raw__Int__rZMs_C),mAP (Embeddings_Raw__Int__rZMs),mAP (Embeddings_Raw__Int__rZms_C),mAP (Embeddings_Raw__Int__rZms),mAP (Embeddings_Raw__Int__MedPol),mAP (Embeddings_Raw__Res01__Int),mAP (Embeddings_Raw__Res11__Int),mAP (Embeddings_Raw__Res01__PCA_N_C),mAP (Embeddings_Raw__Res01__PCA_N),mAP (Embeddings_Raw__Res01__PCA_C),mAP (Embeddings_Raw__Res01__PCA),mAP (Embeddings_Raw__Res01__ZCA_N_C),mAP (Embeddings_Raw__Res01__ZCA_N),mAP (Embeddings_Raw__Res01__ZCA_C),mAP (Embeddings_Raw__Res01__ZCA),mAP (Embeddings_Raw__Res01__ZCA-cor_N_C),mAP (Embeddings_Raw__Res01__ZCA-cor_N),mAP (Embeddings_Raw__Res01__ZCA-cor_C),mAP (Embeddings_Raw__Res01__ZCA-cor),mAP (Embeddings_Raw__Res11__PCA_N_C),mAP (Embeddings_Raw__Res11__PCA_N),mAP (Embeddings_Raw__Res11__PCA_C),mAP (Embeddings_Raw__Res11__PCA),mAP (Embeddings_Raw__Res11__ZCA_N_C),mAP (Embeddings_Raw__Res11__ZCA_N),mAP (Embeddings_Raw__Res11__ZCA_C),mAP (Embeddings_Raw__Res11__ZCA),mAP (Embeddings_Raw__Res11__ZCA-cor_N_C),mAP (Embeddings_Raw__Res11__ZCA-cor_N),mAP (Embeddings_Raw__Res11__ZCA-cor_C),mAP (Embeddings_Raw__Res11__ZCA-cor),mAP (Embeddings_Raw__Res01__rZMs_C),mAP (Embeddings_Raw__Res01__rZMs),mAP (Embeddings_Raw__Res01__rZms_C),mAP (Embeddings_Raw__Res01__rZms),mAP (Embeddings_Raw__Res11__rZMs_C),mAP (Embeddings_Raw__Res11__rZMs),mAP (Embeddings_Raw__Res11__rZms_C),mAP (Embeddings_Raw__Res11__rZms),mAP (Embeddings_Raw__Res01__MedPol),mAP (Embeddings_Raw__Res11__MedPol),mAP (Embeddings_Raw__PCA_N_C__Int),mAP (Embeddings_Raw__PCA_N__Int),mAP (Embeddings_Raw__PCA_C__Int),mAP (Embeddings_Raw__PCA__Int),mAP (Embeddings_Raw__ZCA_N_C__Int),mAP (Embeddings_Raw__ZCA_N__Int),mAP (Embeddings_Raw__ZCA_C__Int),mAP (Embeddings_Raw__ZCA__Int),mAP (Embeddings_Raw__ZCA-cor_N_C__Int),mAP (Embeddings_Raw__ZCA-cor_N__Int),mAP (Embeddings_Raw__ZCA-cor_C__Int),mAP (Embeddings_Raw__ZCA-cor__Int),mAP (Embeddings_Raw__PCA_N_C__Res01),mAP (Embeddings_Raw__PCA_N_C__Res11),mAP (Embeddings_Raw__PCA_N__Res01),mAP (Embeddings_Raw__PCA_N__Res11),mAP (Embeddings_Raw__PCA_C__Res01),mAP (Embeddings_Raw__PCA_C__Res11),mAP (Embeddings_Raw__PCA__Res01),mAP (Embeddings_Raw__PCA__Res11),mAP (Embeddings_Raw__ZCA_N_C__Res01),mAP (Embeddings_Raw__ZCA_N_C__Res11),mAP (Embeddings_Raw__ZCA_N__Res01),mAP (Embeddings_Raw__ZCA_N__Res11),mAP (Embeddings_Raw__ZCA_C__Res01),mAP (Embeddings_Raw__ZCA_C__Res11),mAP (Embeddings_Raw__ZCA__Res01),mAP (Embeddings_Raw__ZCA__Res11),mAP (Embeddings_Raw__ZCA-cor_N_C__Res01),mAP (Embeddings_Raw__ZCA-cor_N_C__Res11),mAP (Embeddings_Raw__ZCA-cor_N__Res01),mAP (Embeddings_Raw__ZCA-cor_N__Res11),mAP (Embeddings_Raw__ZCA-cor_C__Res01),mAP (Embeddings_Raw__ZCA-cor_C__Res11),mAP (Embeddings_Raw__ZCA-cor__Res01),mAP (Embeddings_Raw__ZCA-cor__Res11),mAP (Embeddings_Raw__PCA_N_C__rZMi_C),mAP (Embeddings_Raw__PCA_N_C__rZMi),mAP (Embeddings_Raw__PCA_N_C__rZMs_C),mAP (Embeddings_Raw__PCA_N_C__rZMs),mAP (Embeddings_Raw__PCA_N_C__rZmi_C),mAP (Embeddings_Raw__PCA_N_C__rZmi),mAP (Embeddings_Raw__PCA_N_C__rZms_C),mAP (Embeddings_Raw__PCA_N_C__rZms),mAP (Embeddings_Raw__PCA_N__rZMi_C),mAP (Embeddings_Raw__PCA_N__rZMi),mAP (Embeddings_Raw__PCA_N__rZMs_C),mAP (Embeddings_Raw__PCA_N__rZMs),mAP (Embeddings_Raw__PCA_N__rZmi_C),mAP (Embeddings_Raw__PCA_N__rZmi),mAP (Embeddings_Raw__PCA_N__rZms_C),mAP (Embeddings_Raw__PCA_N__rZms),mAP (Embeddings_Raw__PCA_C__rZMi_C),mAP (Embeddings_Raw__PCA_C__rZMi),mAP (Embeddings_Raw__PCA_C__rZMs_C),mAP (Embeddings_Raw__PCA_C__rZMs),mAP (Embeddings_Raw__PCA_C__rZmi_C),mAP (Embeddings_Raw__PCA_C__rZmi),mAP (Embeddings_Raw__PCA_C__rZms_C),mAP (Embeddings_Raw__PCA_C__rZms),mAP (Embeddings_Raw__PCA__rZMi_C),mAP (Embeddings_Raw__PCA__rZMi),mAP (Embeddings_Raw__PCA__rZMs_C),mAP (Embeddings_Raw__PCA__rZMs),mAP (Embeddings_Raw__PCA__rZmi_C),mAP (Embeddings_Raw__PCA__rZmi),mAP (Embeddings_Raw__PCA__rZms_C),mAP (Embeddings_Raw__PCA__rZms),mAP (Embeddings_Raw__ZCA_N_C__rZMi_C),mAP (Embeddings_Raw__ZCA_N_C__rZMi),mAP (Embeddings_Raw__ZCA_N_C__rZMs_C),mAP (Embeddings_Raw__ZCA_N_C__rZMs),mAP (Embeddings_Raw__ZCA_N_C__rZmi_C),mAP (Embeddings_Raw__ZCA_N_C__rZmi),mAP (Embeddings_Raw__ZCA_N_C__rZms_C),mAP (Embeddings_Raw__ZCA_N_C__rZms),mAP (Embeddings_Raw__ZCA_N__rZMi_C),mAP (Embeddings_Raw__ZCA_N__rZMi),mAP (Embeddings_Raw__ZCA_N__rZMs_C),mAP (Embeddings_Raw__ZCA_N__rZMs),mAP (Embeddings_Raw__ZCA_N__rZmi_C),mAP (Embeddings_Raw__ZCA_N__rZmi),mAP (Embeddings_Raw__ZCA_N__rZms_C),mAP (Embeddings_Raw__ZCA_N__rZms),mAP (Embeddings_Raw__ZCA_C__rZMi_C),mAP (Embeddings_Raw__ZCA_C__rZMi),mAP (Embeddings_Raw__ZCA_C__rZMs_C),mAP (Embeddings_Raw__ZCA_C__rZMs),mAP (Embeddings_Raw__ZCA_C__rZmi_C),mAP (Embeddings_Raw__ZCA_C__rZmi),mAP (Embeddings_Raw__ZCA_C__rZms_C),mAP (Embeddings_Raw__ZCA_C__rZms),mAP (Embeddings_Raw__ZCA__rZMi_C),mAP (Embeddings_Raw__ZCA__rZMi),mAP (Embeddings_Raw__ZCA__rZMs_C),mAP (Embeddings_Raw__ZCA__rZMs),mAP (Embeddings_Raw__ZCA__rZmi_C),mAP (Embeddings_Raw__ZCA__rZmi),mAP (Embeddings_Raw__ZCA__rZms_C),mAP (Embeddings_Raw__ZCA__rZms),mAP (Embeddings_Raw__ZCA-cor_N_C__rZMi_C),mAP (Embeddings_Raw__ZCA-cor_N_C__rZMi),mAP (Embeddings_Raw__ZCA-cor_N_C__rZMs_C),mAP (Embeddings_Raw__ZCA-cor_N_C__rZMs),mAP (Embeddings_Raw__ZCA-cor_N_C__rZmi_C),mAP (Embeddings_Raw__ZCA-cor_N_C__rZmi),mAP (Embeddings_Raw__ZCA-cor_N_C__rZms_C),mAP (Embeddings_Raw__ZCA-cor_N_C__rZms),mAP (Embeddings_Raw__ZCA-cor_N__rZMi_C),mAP (Embeddings_Raw__ZCA-cor_N__rZMi),mAP (Embeddings_Raw__ZCA-cor_N__rZMs_C),mAP (Embeddings_Raw__ZCA-cor_N__rZMs),mAP (Embeddings_Raw__ZCA-cor_N__rZmi_C),mAP (Embeddings_Raw__ZCA-cor_N__rZmi),mAP (Embeddings_Raw__ZCA-cor_N__rZms_C),mAP (Embeddings_Raw__ZCA-cor_N__rZms),mAP (Embeddings_Raw__ZCA-cor_C__rZMi_C),mAP (Embeddings_Raw__ZCA-cor_C__rZMi),mAP (Embeddings_Raw__ZCA-cor_C__rZMs_C),mAP (Embeddings_Raw__ZCA-cor_C__rZMs),mAP (Embeddings_Raw__ZCA-cor_C__rZmi_C),mAP (Embeddings_Raw__ZCA-cor_C__rZmi),mAP (Embeddings_Raw__ZCA-cor_C__rZms_C),mAP (Embeddings_Raw__ZCA-cor_C__rZms),mAP (Embeddings_Raw__ZCA-cor__rZMi_C),mAP (Embeddings_Raw__ZCA-cor__rZMi),mAP (Embeddings_Raw__ZCA-cor__rZMs_C),mAP (Embeddings_Raw__ZCA-cor__rZMs),mAP (Embeddings_Raw__ZCA-cor__rZmi_C),mAP (Embeddings_Raw__ZCA-cor__rZmi),mAP (Embeddings_Raw__ZCA-cor__rZms_C),mAP (Embeddings_Raw__ZCA-cor__rZms),mAP (Embeddings_Raw__PCA_N_C__MedPol),mAP (Embeddings_Raw__PCA_N__MedPol),mAP (Embeddings_Raw__PCA_C__MedPol),mAP (Embeddings_Raw__PCA__MedPol),mAP (Embeddings_Raw__ZCA_N_C__MedPol),mAP (Embeddings_Raw__ZCA_N__MedPol),mAP (Embeddings_Raw__ZCA_C__MedPol),mAP (Embeddings_Raw__ZCA__MedPol),mAP (Embeddings_Raw__ZCA-cor_N_C__MedPol),mAP (Embeddings_Raw__ZCA-cor_N__MedPol),mAP (Embeddings_Raw__ZCA-cor_C__MedPol),mAP (Embeddings_Raw__ZCA-cor__MedPol),mAP (Embeddings_Raw__rZMi_C__Int),mAP (Embeddings_Raw__rZMi__Int),mAP (Embeddings_Raw__rZMs_C__Int),mAP (Embeddings_Raw__rZMs__Int),mAP (Embeddings_Raw__rZms_C__Int),mAP (Embeddings_Raw__rZms__Int),mAP (Embeddings_Raw__rZMs_C__Res01),mAP (Embeddings_Raw__rZMs_C__Res11),mAP (Embeddings_Raw__rZMs__Res01),mAP (Embeddings_Raw__rZMs__Res11),mAP (Embeddings_Raw__rZms_C__Res01),mAP (Embeddings_Raw__rZms_C__Res11),mAP (Embeddings_Raw__rZms__Res01),mAP (Embeddings_Raw__rZms__Res11),mAP (Embeddings_Raw__rZMs_C__PCA_N_C),mAP (Embeddings_Raw__rZMs_C__PCA_N),mAP (Embeddings_Raw__rZMs_C__PCA_C),mAP (Embeddings_Raw__rZMs_C__PCA),mAP (Embeddings_Raw__rZMs_C__ZCA_N_C),mAP (Embeddings_Raw__rZMs_C__ZCA_N),mAP (Embeddings_Raw__rZMs_C__ZCA_C),mAP (Embeddings_Raw__rZMs_C__ZCA),mAP (Embeddings_Raw__rZMs_C__ZCA-cor_N_C),mAP (Embeddings_Raw__rZMs_C__ZCA-cor_N),mAP (Embeddings_Raw__rZMs_C__ZCA-cor_C),mAP (Embeddings_Raw__rZMs_C__ZCA-cor),mAP (Embeddings_Raw__rZMs__PCA_N_C),mAP (Embeddings_Raw__rZMs__PCA_N),mAP (Embeddings_Raw__rZMs__PCA_C),mAP (Embeddings_Raw__rZMs__PCA),mAP (Embeddings_Raw__rZMs__ZCA_N_C),mAP (Embeddings_Raw__rZMs__ZCA_N),mAP (Embeddings_Raw__rZMs__ZCA_C),mAP (Embeddings_Raw__rZMs__ZCA),mAP (Embeddings_Raw__rZMs__ZCA-cor_N_C),mAP (Embeddings_Raw__rZMs__ZCA-cor_N),mAP (Embeddings_Raw__rZMs__ZCA-cor_C),mAP (Embeddings_Raw__rZMs__ZCA-cor),mAP (Embeddings_Raw__rZms_C__PCA_N_C),mAP (Embeddings_Raw__rZms_C__PCA_N),mAP (Embeddings_Raw__rZms_C__PCA_C),mAP (Embeddings_Raw__rZms_C__PCA),mAP (Embeddings_Raw__rZms_C__ZCA_N_C),mAP (Embeddings_Raw__rZms_C__ZCA_N),mAP (Embeddings_Raw__rZms_C__ZCA_C),mAP (Embeddings_Raw__rZms_C__ZCA),mAP (Embeddings_Raw__rZms_C__ZCA-cor_N_C),mAP (Embeddings_Raw__rZms_C__ZCA-cor_N),mAP (Embeddings_Raw__rZms_C__ZCA-cor_C),mAP (Embeddings_Raw__rZms_C__ZCA-cor),mAP (Embeddings_Raw__rZms__PCA_N_C),mAP (Embeddings_Raw__rZms__PCA_N),mAP (Embeddings_Raw__rZms__PCA_C),mAP (Embeddings_Raw__rZms__PCA),mAP (Embeddings_Raw__rZms__ZCA_N_C),mAP (Embeddings_Raw__rZms__ZCA_N),mAP (Embeddings_Raw__rZms__ZCA_C),mAP (Embeddings_Raw__rZms__ZCA),mAP (Embeddings_Raw__rZms__ZCA-cor_N_C),mAP (Embeddings_Raw__rZms__ZCA-cor_N),mAP (Embeddings_Raw__rZms__ZCA-cor_C),mAP (Embeddings_Raw__rZms__ZCA-cor),mAP (Embeddings_Raw__rZMs_C__MedPol),mAP (Embeddings_Raw__rZMs__MedPol),mAP (Embeddings_Raw__rZms_C__MedPol),mAP (Embeddings_Raw__rZms__MedPol),mAP (Embeddings_Raw__MedPol__Int),mAP (Embeddings_Raw__MedPol__Res01),mAP (Embeddings_Raw__MedPol__Res11)
JCP2022_012818,292.0,0.17354259279536727,0.22455461475274013,0.19297515564888776,0.20229534413590364,0.1782149783536184,0.13369145782458908,0.1782149783536184,0.13369145782458908,0.21239836353492336,0.17213597197013247,0.21239836353492336,0.17213597197013247,0.17003336942417616,0.17657264454726287,0.17003336942417616,0.17657264454726287,0.18042051616885393,0.22360011408980057,0.1750347333907901,0.2122717226675837,0.13162675419491646,0.17935518104477083,0.22723979867798164,0.18151443322203123,0.13410091163711477,0.18151443322203123,0.13410091163711477,0.20716720865938762,0.17669070975940304,0.20716720865938762,0.17669070975940304,0.20013471745876873,0.1756872129256161,0.20013471745876873,0.1756872129256161,0.21379667934142074,0.225061956183593,0.20524905681052547,0.21395398669615598,0.13143050298425024,0.22455461475274013,0.22455461475274013,0.1996440945340877,0.1328904187654215,0.1996440945340877,0.1328904187654215,0.21910496329612614,0.17665563418663235,0.21910496329612614,0.17665563418663235,0.17003336942417616,0.17657264454726287,0.17003336942417616,0.17657264454726287,0.19957916462887335,0.13289039700984165,0.19957916462887335,0.13289039700984165,0.21910483415473958,0.17665597612327089,0.21910483415473958,0.17665597612327089,0.17003336942417616,0.17657264454726287,0.17003336942417616,0.17657264454726287,0.18042051616885393,0.22360011408980057,0.1750347333907901,0.2122717226675837,0.18042051616885393,0.22360011408980057,0.1750347333907901,0.2122717226675837,0.13176285992485137,0.1343897839179502,0.17639355967320203,0.1461118974376848,0.1750078913712967,0.14614025859504104,0.2012814373544179,0.15228166393414552,0.19972397795054725,0.15228434351051848,0.17964228495174275,0.1679917159483334,0.19959995075285816,0.16799159364034366,0.17493879638286733,0.17998238510398504,0.12060939441826561,0.14179329175419983,0.15689328071723435,0.15771551244140258,0.1206108820696856,0.14179300319302107,0.20248987690232637,0.20041077922974282,0.14316057733271229,0.1561690746991782,0.17542719006285298,0.17187471365190354,0.14316185814719243,0.15616923287472526,0.16216776605543023,0.1690992719932992,0.1380249274999138,0.1488791255632637,0.16390594676297288,0.1724591906371282,0.13802490535653122,0.14887900030984652,0.16392297494787328,0.14892930964746892,0.16542521225283677,0.19165700937690927,0.16392297494787328,0.14832591176504903,0.16542521225283677,0.1824707053895801,0.14486595619267886,0.1478198371983627,0.1454026372504806,0.14725125263639507,0.14488585851970445,0.14725680128049443,0.14545085743840677,0.14674451394820587,0.16392357249074854,0.14911786625339835,0.16542534379712062,0.18751587453050583,0.16392357249074854,0.14820885872315753,0.16542534379712062,0.17797434608477788,0.14486584041886197,0.1478203733546709,0.1454027145332643,0.1472508700461017,0.1448857809385189,0.1472573093030016,0.1454507681280246,0.14674437965741413,0.16301391761244613,0.17040048008024597,0.17336626784237066,0.21356196375992148,0.15906483208949665,0.163995677269493,0.16866067987496283,0.20605339551256857,0.1527458247034561,0.15721531985890763,0.15412288536850277,0.16118734596622167,0.14566775402772308,0.1478828153048122,0.1474814539714498,0.15054546590538506,0.1630135921183587,0.16990286223805784,0.17336697737781145,0.20979693970197122,0.161573069064439,0.16355350473580377,0.17169721975423907,0.20278743195599672,0.1527454863620305,0.1572161302426136,0.1541229427538938,0.16118747291901084,0.14566734982784527,0.1478793463249337,0.14748146281002375,0.15054467912186956,0.15664376504466024,0.1663770713501854,0.17260145075966038,0.19815765904737975,0.14953730915877855,0.15638104256459093,0.15955272029292963,0.18596987733144663,0.16362503229533934,0.16866355319770762,0.16813962446235928,0.18157087765165286,0.1512648724319017,0.15433624648739286,0.1557764229883604,0.16260865497706828,0.15664375809525355,0.1640457919785482,0.17260142908324827,0.20141690978329768,0.15463873113724297,0.1575880545552256,0.16923517197851917,0.19024867874215312,0.16362501324291845,0.16866343467861974,0.16813965873673872,0.18157085494268033,0.15126485438606718,0.15433623527258664,0.1557763887298997,0.1626086748053123,0.13133746433091442,0.13146019852193233,0.13123460404139856,0.13146058830209884,0.1316783349002442,0.13158542819191363,0.13154119673629683,0.13158524186851606,0.13219545486769763,0.13030268242984366,0.13207500139839562,0.13030268242984366,0.22428384054470418,0.22484882604036796,0.22455461475274013,0.22455461475274013,0.22455461475274013,0.22455461475274013,0.19297515564888776,0.20229534413590364,0.19297515564888776,0.20229534413590364,0.19297515564888776,0.20229534413590364,0.19297515564888776,0.20229534413590364,0.16358251183926134,0.13541591807575368,0.16358251183926134,0.13541591807575368,0.17003336942417616,0.16101302146745647,0.17003336942417616,0.16101302146745647,0.17003336942417616,0.17657264454726287,0.17003336942417616,0.17657264454726287,0.198709663604925,0.1349760196633296,0.198709663604925,0.1349760196633296,0.21676396950355145,0.17657264454726287,0.21676396950355145,0.17657264454726287,0.17003336942417616,0.17657264454726287,0.17003336942417616,0.17657264454726287,0.16322755207198675,0.13541591807575368,0.16322755207198675,0.13541591807575368,0.17003336942417616,0.16101302146745647,0.17003336942417616,0.16101302146745647,0.17003336942417616,0.17657264454726287,0.17003336942417616,0.17657264454726287,0.19896224211372535,0.1349760196633296,0.19896224211372535,0.1349760196633296,0.21676396950355145,0.17657264454726287,0.21676396950355145,0.17657264454726287,0.17003336942417616,0.17657264454726287,0.17003336942417616,0.17657264454726287,0.132370742396562,0.13419580928890626,0.1320188501755743,0.1308351540337445,0.13239925811320852,0.13264134168166924,0.1329590981162682
JCP2022_025848,292.0,0.16930312584993543,0.19074205874802944,0.19610554368238614,0.15533600804875572,0.1387612296495292,0.13416153293842092,0.1387612296495292,0.13416153293842092,0.14981472045519997,0.1553303332763519,0.14981472045519997,0.1553303332763519,0.14850254633076423,0.1589215701648232,0.14850254633076423,0.1589215701648232,0.1619985294284174,0.18662827141836333,0.17316866567783892,0.196806828048508,0.13094429875772293,0.20450163568218654,0.1595219282844159,0.14705425907067543,0.13373764978221722,0.14705425907067543,0.13373764978221722,0.17166223598507777,0.1587802758369853,0.17166223598507777,0.1587802758369853,0.16315536839126815,0.15845238981289247,0.16315536839126815,0.15845238981289247,0.17673343291702406,0.18796849211005487,0.18138470627968756,0.19167556002272018,0.13295379717797526,0.19074205874802944,0.19074205874802944,0.14007932193892403,0.1337721821092365,0.14007932193892403,0.1337721821092365,0.157077744147483,0.15940992941636692,0.157077744147483,0.15940992941636692,0.14850254633076423,0.1589215701648232,0.14850254633076423,0.1589215701648232,0.13999793513627867,0.13377215058723704,0.13999793513627867,0.13377215058723704,0.15707763976818556,0.15941003423450215,0.15707763976818556,0.15941003423450215,0.14850254633076423,0.1589215701648232,0.14850254633076423,0.1589215701648232,0.1619985294284174,0.18662827141836333,0.17316866567783892,0.196806828048508,0.1619985294284174,0.18662827141836333,0.17316866567783892,0.196806828048508,0.13087774875035532,0.13010417435963703,0.1419722687100387,0.13952675031526074,0.14263683530361057,0.13952305337750334,0.13990542871934075,0.1423233993356795,0.14821347753298197,0.14231860307639296,0.13570486497164186,0.15323133028639832,0.150717939259208,0.15323043884912568,0.12499452937097573,0.13422415371675814,0.16122001761772461,0.13799973346934882,0.15491209504650516,0.15982672561746558,0.16122180692080024,0.13799924596252347,0.1274695883408014,0.12928230499808158,0.14163852216089462,0.12800499541601845,0.1556622863837736,0.15437261058392773,0.14164064191405676,0.12801092770443376,0.1186272370513343,0.11880860887430583,0.15779662647991363,0.14623558803736705,0.15163228530829784,0.14050339996232086,0.1577966423533437,0.14623558289754482,0.13929264318071893,0.137650364415507,0.13906321665926713,0.147027180714321,0.13929264318071893,0.13534492760088063,0.13906321665926713,0.13900054957796584,0.13809330452202742,0.14018181849784547,0.1382397687801048,0.14024025704666135,0.13806578441063505,0.13930242504935442,0.13815221538303485,0.13943059183718376,0.1392929329736159,0.1387748364269911,0.13906312912609137,0.1469829063635407,0.1392929329736159,0.1353270829174501,0.13906312912609137,0.14052809753617299,0.13809339918593155,0.14018090845159195,0.13824023464067517,0.14024040089272607,0.13806531336605557,0.13930205074000243,0.1381516274525435,0.13943122059752264,0.14266072590782336,0.147944687617315,0.14458123588939742,0.1570641163431669,0.14606146157209582,0.14594972808852402,0.1479672425499076,0.14874917377946617,0.1443792056956159,0.14603209241256743,0.1448609120853251,0.14776443748678728,0.14919865531656648,0.15079448352527777,0.14999633085151912,0.15245549662800462,0.14266068451217062,0.14882889623917647,0.14458118418225036,0.15760221033493235,0.14489638106115954,0.1463904689523752,0.14710923339549542,0.15316066457577962,0.14437944868971553,0.14603127187275872,0.1448608717936096,0.14776428645211429,0.14919923324533024,0.15079377412246772,0.14999670436403564,0.15245511927360592,0.14156928487849335,0.1494378141237166,0.1476342215513009,0.16278210799017442,0.1448861219810881,0.14711787414458982,0.15053230456589198,0.14862588516988665,0.1456268799673333,0.15133108968464595,0.14718510728242507,0.15744546569624263,0.15555944743740277,0.15945063851547087,0.15963599155338165,0.16629383031562026,0.14156929542644175,0.14878806418794288,0.14763423796858813,0.16271462177841814,0.14470715447426322,0.1484825427080175,0.15293112573278506,0.16788308810894312,0.14562684817572333,0.1513310369091194,0.1471849260020024,0.157445467117361,0.1555596733982943,0.15945057087540912,0.15963585077397674,0.1662938670759196,0.13126789176560405,0.13158158639219553,0.1314205628788808,0.1315811081628838,0.13149422005275305,0.12942235708545632,0.1318724664134457,0.12942201536082,0.13202919501968313,0.12970881884550978,0.1322537582556087,0.12970881884550978,0.191615698832401,0.19109088878469063,0.19074205874802944,0.19074205874802944,0.19074205874802944,0.19074205874802944,0.19610554368238614,0.15533600804875572,0.19610554368238614,0.15533600804875572,0.19610554368238614,0.15533600804875572,0.19610554368238614,0.15533600804875572,0.13844693013242912,0.13296233489429266,0.13844693013242912,0.13296233489429266,0.14850254633076423,0.151949922731283,0.14850254633076423,0.151949922731283,0.14850254633076423,0.1589215701648232,0.14850254633076423,0.1589215701648232,0.1400048979396942,0.13285759958952226,0.1400048979396942,0.13285759958952226,0.15685290986636666,0.1589215701648232,0.15685290986636666,0.1589215701648232,0.14850254633076423,0.1589215701648232,0.14850254633076423,0.1589215701648232,0.13832959304393053,0.13296233489429266,0.13832959304393053,0.13296233489429266,0.14850254633076423,0.151949922731283,0.14850254633076423,0.151949922731283,0.14850254633076423,0.1589215701648232,0.14850254633076423,0.1589215701648232,0.13985439305168482,0.13285759958952226,0.13985439305168482,0.13285759958952226,0.15685290986636666,0.1589215701648232,0.15685290986636666,0.1589215701648232,0.14850254633076423,0.1589215701648232,0.14850254633076423,0.1589215701648232,0.1338936739358334,0.132690447733209,0.1325505954147863,0.1319768506393876,0.12923673684822204,0.12723821179727002,0.13125388854250952
JCP2022_035095,180.0,0.15384002209686815,0.22786514732962082,0.2148804202881504,0.08508822948789348,0.20626772872998475,0.09404135950060609,0.20626772872998475,0.09404135950060609,0.28226884238741695,0.238965007812977,0.28226884238741695,0.238965007812977,0.1716812220147485,0.25001886811896834,0.1716812220147485,0.25001886811896834,0.17570189527193222,0.24793311468758283,0.16710513288413575,0.25228297673204375,0.1077928998592301,0.19274083419053148,0.17328973636937622,0.21432618576722742,0.09399631967755503,0.21432618576722742,0.09399631967755503,0.2965737701972856,0.2619641067367134,0.2965737701972856,0.2619641067367134,0.2832483779135698,0.2559656174066773,0.2832483779135698,0.2559656174066773,0.22032031381104858,0.225440772813225,0.21517952528992287,0.21936997831105068,0.09284603776493872,0.22786514732962082,0.22786514732962082,0.2473511290879065,0.0938336365987028,0.2473511290879065,0.0938336365987028,0.293878049511613,0.25470233325576275,0.293878049511613,0.25470233325576275,0.1716812220147485,0.25001886811896834,0.1716812220147485,0.25001886811896834,0.24753303292743467,0.09383366316858877,0.24753303292743467,0.09383366316858877,0.29387755942700106,0.2547025175550855,0.29387755942700106,0.2547025175550855,0.1716812220147485,0.25001886811896834,0.1716812220147485,0.25001886811896834,0.17570189527193222,0.24793311468758283,0.16710513288413575,0.25228297673204375,0.17570189527193222,0.24793311468758283,0.16710513288413575,0.25228297673204375,0.10849877113640467,0.09482518429258216,0.1755579018422574,0.089309780614937,0.1743420164090828,0.08927927643944686,0.2733708458786476,0.15977331449876292,0.25062624110724396,0.15976665476339533,0.23469122491920172,0.22648421429052756,0.25735078084051477,0.22648234836415063,0.07449211091943624,0.08392857612711879,0.06878018814664427,0.08863625543115033,0.06494121256261091,0.07327499507666276,0.0687765336992084,0.08863536239017399,0.1209743985827919,0.08840680558868241,0.07534518612089976,0.07920839881198524,0.08133041018389552,0.06937124815214644,0.07533983830235826,0.07921016992082487,0.11246827959359318,0.08034270032350992,0.09514626974953361,0.08703169352658839,0.0680573509744729,0.12880170456121254,0.09514619514286347,0.0870315803032641,0.1490851954446411,0.10706635404104761,0.15374102628286776,0.22604552799934696,0.1490851954446411,0.11487160783534667,0.15374102628286776,0.21969160251371103,0.0907911148536776,0.09176474631247158,0.09050578595953582,0.09046980068605524,0.09097848426363395,0.09177104427256745,0.09071518645677085,0.09066699832755967,0.1490852184591207,0.10799152582726097,0.15374102599347003,0.2260672977926576,0.1490852184591207,0.11460934551208003,0.15374102599347003,0.21674292168361559,0.09079077773944966,0.09176529461165644,0.09050571900503203,0.09046984281397424,0.09097882213088139,0.09177123134908209,0.09071468492475875,0.09066717525049689,0.13785800382269064,0.1427985071405754,0.17328057653642484,0.2769466374817011,0.13469099792448747,0.1457729457781948,0.1714169087155136,0.28907871531824064,0.18906651898469554,0.1796875470671051,0.19476075325290512,0.20456393008928905,0.19849739796920782,0.19756395180422,0.2025705583887634,0.22256900401689575,0.13785782987849737,0.1477831460801111,0.17328091693519093,0.2813078535477067,0.13649809002279442,0.14631875046539852,0.1718584579071823,0.28499841748119703,0.18906686860341138,0.1796873273427101,0.19476039054132122,0.20456355239931784,0.19849854050414306,0.19756399833463842,0.20257242616450577,0.2225664438777443,0.12521255336574277,0.13230199108167048,0.17410581967667588,0.2576359979386293,0.1252651197128876,0.14023654998139293,0.18092464772609373,0.27288352992393555,0.20263119391720494,0.19386059231064823,0.21301709710325656,0.2528355227925438,0.217471724726463,0.21975044218934664,0.22269397050627018,0.27852060447326515,0.12521255336574277,0.13025868831338755,0.17410581967667588,0.28851962045950064,0.12380546734557672,0.13331802892451286,0.171321830852003,0.2885940981123143,0.20263119391720494,0.193860597717393,0.21301706677337293,0.2528355227925438,0.21747157578953025,0.2197503534016925,0.2226941697847014,0.27852060447326515,0.09610506657632793,0.08874075399009233,0.09609121754292467,0.08874020603606632,0.09720466432909979,0.09520753475300438,0.09830760496894973,0.0952085445460274,0.10123127174584491,0.10072407054280846,0.10131506703175985,0.10072407054280846,0.22909120176280223,0.22840285364008572,0.22786514732962082,0.22786514732962082,0.22786514732962082,0.22786514732962082,0.2148804202881504,0.08508822948789348,0.2148804202881504,0.08508822948789348,0.2148804202881504,0.08508822948789348,0.2148804202881504,0.08508822948789348,0.1474523183334214,0.09556851800621319,0.1474523183334214,0.09556851800621319,0.1716812220147485,0.1614150878451191,0.1716812220147485,0.1614150878451191,0.1716812220147485,0.25001886811896834,0.1716812220147485,0.25001886811896834,0.24968408663614297,0.09472333909294303,0.24968408663614297,0.09472333909294303,0.2908990059233093,0.25001886811896834,0.2908990059233093,0.25001886811896834,0.1716812220147485,0.25001886811896834,0.1716812220147485,0.25001886811896834,0.14722006945452235,0.09556851800621319,0.14722006945452235,0.09556851800621319,0.1716812220147485,0.1614150878451191,0.1716812220147485,0.1614150878451191,0.1716812220147485,0.25001886811896834,0.1716812220147485,0.25001886811896834,0.24947210971492326,0.09472333909294303,0.24947210971492326,0.09472333909294303,0.2908990059233093,0.25001886811896834,0.2908990059233093,0.25001886811896834,0.1716812220147485,0.25001886811896834,0.1716812220147485,0.25001886811896834,0.08867603417178559,0.08390281987293907,0.0955492748904185,0.09796079421647674,0.09863487693515882,0.10642654792310138,0.09912785929734313
JCP2022_037716,292.0,0.2704817560614819,0.4479876214100127,0.36626746710551666,0.20343007656120088,0.35877386431415104,0.14077504935041657,0.35877386431415104,0.14077504935041657,0.43386197174314595,0.29171506005636644,0.43386197174314595,0.29171506005636644,0.2772533655183466,0.3264903125705521,0.2772533655183466,0.3264903125705521,0.2970533892201355,0.47375289065887993,0.26640306055595825,0.46561632924338814,0.13184359740092386,0.36901470443368845,0.3411677802525323,0.3407842417789019,0.1387465093035146,0.3407842417789019,0.1387465093035146,0.45404547485952185,0.3232869146449258,0.45404547485952185,0.3232869146449258,0.4156350102549898,0.31935524598496273,0.4156350102549898,0.31935524598496273,0.4168536118557588,0.45008071067262845,0.3983395217157779,0.428770938336695,0.13195839884623423,0.4479876214100127,0.4479876214100127,0.40763946242312565,0.1401899420352224,0.40763946242312565,0.1401899420352224,0.4680306148519108,0.3263812588195322,0.4680306148519108,0.3263812588195322,0.2772533655183466,0.3264903125705521,0.2772533655183466,0.3264903125705521,0.4080749011180404,0.14018997467366248,0.4080749011180404,0.14018997467366248,0.4680305479466439,0.32638143652534973,0.4680305479466439,0.32638143652534973,0.2772533655183466,0.3264903125705521,0.2772533655183466,0.3264903125705521,0.2970533892201355,0.47375289065887993,0.26640306055595825,0.46561632924338814,0.2970533892201355,0.47375289065887993,0.26640306055595825,0.46561632924338814,0.13213023045629332,0.13447989173737598,0.34347758995434796,0.15033358652372703,0.32744839026573863,0.1503403236405664,0.4552699115621363,0.19134306388284605,0.41270693275893766,0.19134230010869296,0.3293681327556167,0.25935052082215987,0.37260411991270326,0.2593505111665944,0.2219116205439045,0.1768854640652564,0.10499559222433623,0.1429063681822814,0.14593908943109274,0.12846789257095906,0.10499648550746542,0.14290622885339005,0.269947494322517,0.19186035220885336,0.13713158828244032,0.13747080801281497,0.19337158737105467,0.1407028492872041,0.13713789313919328,0.13747062823387227,0.23128414149181759,0.21920742854397032,0.17965056999211604,0.15576599049904807,0.1487119712103921,0.15286119162759387,0.17964974409051596,0.15576678665473212,0.2651591202301638,0.19996182793882394,0.27409424663553983,0.42537765150573087,0.2651591202301638,0.19508850426035854,0.27409424663553983,0.400294640939704,0.14953389635317044,0.15335274197080834,0.1494397617486695,0.15210516847066666,0.14956516003355744,0.15221365697564093,0.14945087335554422,0.15107672509487494,0.2651589972605081,0.20508046946129121,0.27409401901542674,0.41475156230596943,0.2651589972605081,0.19489735792823745,0.27409401901542674,0.37840776851472,0.14953347276114304,0.1533504739585938,0.14944211593615755,0.1521056175659139,0.14956397001249805,0.15221335697636182,0.1494506189932015,0.15107671133655234,0.2503426703457169,0.27427106300887333,0.2923257839874138,0.4890589735705654,0.2311308625102446,0.2572006623024834,0.2692369891432585,0.4810495983589342,0.22645503950111587,0.23602284621524658,0.23454610056358555,0.25241143524258125,0.21464933317222093,0.22887232774046218,0.2233547604804529,0.24414250019181796,0.25034250919339074,0.2865895727627222,0.2923255216993528,0.48245382596537095,0.24266455954349855,0.2621796468832781,0.28269590701310476,0.45938411161115755,0.22645575903509707,0.23602399601524365,0.23454685068653397,0.25241172917893595,0.214649992555439,0.2288705373239277,0.22335807413227973,0.24414165638049995,0.21795478401387242,0.24060159748816476,0.2772163414342466,0.40630947130029377,0.1992521891841596,0.22757245461674802,0.2515905659789536,0.3939634070185258,0.28337057801468324,0.29402522924995,0.2979354760099129,0.3441993394241534,0.2627337642959753,0.28314832872547624,0.2775430107931865,0.32634515437552797,0.21795478401387242,0.2408060337169336,0.2772163414342466,0.41805387364173696,0.2092824934623096,0.2206088252476125,0.26303826587561074,0.36843823182516,0.2833706009233677,0.294025205271735,0.2979356956049674,0.3441993091053529,0.2627338123306069,0.28314837823664724,0.2775431130411658,0.3263452160095676,0.13126562865427532,0.13169834284972035,0.1313821930637147,0.1316985078036386,0.13154436027046867,0.13169652016473984,0.13147228976861694,0.13169615086856665,0.1322780945478844,0.1307168076078671,0.13229242571454983,0.1307168076078671,0.4462380515246823,0.4474523041452585,0.4479876214100127,0.4479876214100127,0.4479876214100127,0.4479876214100127,0.36626746710551666,0.20343007656120088,0.36626746710551666,0.20343007656120088,0.36626746710551666,0.20343007656120088,0.36626746710551666,0.20343007656120088,0.2503890660477615,0.14890940934520364,0.2503890660477615,0.14890940934520364,0.2772533655183466,0.2538891056792732,0.2772533655183466,0.2538891056792732,0.2772533655183466,0.3264903125705521,0.2772533655183466,0.3264903125705521,0.41449086121415585,0.14361817199771887,0.41449086121415585,0.14361817199771887,0.4663535128077412,0.3264903125705521,0.4663535128077412,0.3264903125705521,0.2772533655183466,0.3264903125705521,0.2772533655183466,0.3264903125705521,0.2506358497474983,0.14890940934520364,0.2506358497474983,0.14890940934520364,0.2772533655183466,0.2538891056792732,0.2772533655183466,0.2538891056792732,0.2772533655183466,0.3264903125705521,0.2772533655183466,0.3264903125705521,0.41459769950940595,0.14361817199771887,0.41459769950940595,0.14361817199771887,0.4663535128077412,0.3264903125705521,0.4663535128077412,0.3264903125705521,0.2772533655183466,0.3264903125705521,0.2772533655183466,0.3264903125705521,0.1324706998448718,0.13445724956233018,0.13227390378753018,0.13092265168371917,0.1327262468744167,0.1329070427810004,0.13305319556247566
JCP2022_046054,292.0,0.20732368265144063,0.2716128108720683,0.28152084235412755,0.20949055368302405,0.24383018932689915,0.132961903712326,0.24383018932689915,0.132961903712326,0.32873243233936056,0.24778272085862424,0.32873243233936056,0.24778272085862424,0.255858170789512,0.28059041595094214,0.255858170789512,0.28059041595094214,0.24257161988391623,0.3057147015772965,0.22917869851948078,0.29788928358122246,0.1317111999922442,0.25293852089855245,0.2569222028198683,0.29188581198170405,0.1360872179865732,0.29188581198170405,0.1360872179865732,0.3774721693635475,0.2841280482765703,0.3774721693635475,0.2841280482765703,0.3414307921914119,0.27949000022084236,0.3414307921914119,0.27949000022084236,0.25263041878040887,0.2696657408768346,0.2387428812945223,0.2540864851521822,0.13253064948002358,0.2716128108720683,0.2716128108720683,0.3165626172354514,0.13373294819660422,0.3165626172354514,0.13373294819660422,0.3738663250232918,0.27971896223432563,0.3738663250232918,0.27971896223432563,0.255858170789512,0.28059041595094214,0.255858170789512,0.28059041595094214,0.31633853264667344,0.13373295879755678,0.31633853264667344,0.13373295879755678,0.3738660370909657,0.27971939898903714,0.3738660370909657,0.27971939898903714,0.255858170789512,0.28059041595094214,0.255858170789512,0.28059041595094214,0.24257161988391623,0.3057147015772965,0.22917869851948078,0.29788928358122246,0.24257161988391623,0.3057147015772965,0.22917869851948078,0.29788928358122246,0.13194239007367575,0.1347393443523058,0.24258837963540222,0.14303313997364278,0.24001531959372824,0.14301606423078952,0.3090081490501755,0.1762638018250923,0.32013584954673213,0.17626044718791348,0.28365089870586085,0.22478575584459828,0.35933966160045294,0.22478655833126313,0.17734837406302725,0.193738060177234,0.15352950202674176,0.13701782239049365,0.15667363559155392,0.1616547611225283,0.1535326189660433,0.13702083963934747,0.21601001755784305,0.2168992628521028,0.15269901338465106,0.16098965547104194,0.1865607329434729,0.18438047882909034,0.15270441414109498,0.16098914035926812,0.1747147558441767,0.16700300851064281,0.1723453361832803,0.173713134238008,0.1646318669396681,0.17317972683404104,0.17234554659163068,0.17371307968114605,0.20897128727481915,0.16200189797495362,0.2168292830685607,0.29486805625947626,0.20897128727481915,0.1610841161909897,0.2168292830685607,0.26944491028501844,0.14227249750606402,0.14357359839294867,0.14229483466757445,0.14321696813200965,0.14225993018620928,0.1435431250811688,0.1423077459840672,0.1431774903973089,0.20897093672406775,0.16174616750092846,0.21682903431792125,0.2918086579351556,0.20897093672406775,0.16069547169793463,0.21682903431792125,0.26593932358824784,0.14227279541571203,0.14357286007059925,0.14229541330610526,0.14321690782528584,0.14226024664843115,0.14354368002525567,0.1423076949358891,0.14317738458753587,0.20927787375122042,0.21254583069138247,0.24087384840043932,0.3538699846640318,0.200958681461694,0.21936995922999347,0.22934600199103716,0.3310606995310811,0.19416066052583592,0.2034647623772363,0.20138577037555766,0.22001917626882023,0.1844254951313142,0.19298333738924128,0.1928289278418736,0.20777580611466498,0.20927778318186288,0.20724471387367727,0.24087339580284442,0.3624959251655824,0.2056391389353538,0.21808562215846866,0.2358252476854019,0.33824330985025386,0.19416076848351752,0.20346390006311227,0.20138647571641372,0.22001935424190766,0.18442593413147312,0.19298361107074447,0.19282344331163204,0.20777614418871287,0.19479940812524826,0.2145686335557528,0.2548931654076579,0.34373166128379645,0.18327662977849996,0.20950124205517076,0.2336181975970224,0.3186426365400967,0.2205944903795587,0.2336198212228802,0.23769216162189727,0.28071659279459443,0.20717918285154702,0.22005594523735925,0.22565430765657857,0.2612751641792826,0.19479938200398478,0.19257334451237412,0.25489309934833076,0.3774772037992931,0.19067273649549082,0.20273825094766354,0.2465542416295795,0.35429684566452657,0.22059448064849096,0.23361980290610182,0.2376921939028265,0.2807165376931079,0.20717926533609138,0.22005601011450812,0.22565417221108172,0.26127519788694964,0.13138434999940776,0.13134597495956848,0.13114999178979295,0.13134565954575478,0.13139121389358813,0.13183639578738837,0.13152800359912753,0.1318358775120858,0.13245811647618846,0.13054532802488084,0.13225164459115005,0.13054532802488084,0.2728657832272637,0.2723555069889791,0.2716128108720683,0.2716128108720683,0.2716128108720683,0.2716128108720683,0.28152084235412755,0.20949055368302405,0.28152084235412755,0.20949055368302405,0.28152084235412755,0.20949055368302405,0.28152084235412755,0.20949055368302405,0.22862650488277045,0.13585294240651116,0.22862650488277045,0.13585294240651116,0.255858170789512,0.22196048242921063,0.255858170789512,0.22196048242921063,0.255858170789512,0.28059041595094214,0.255858170789512,0.28059041595094214,0.3273277285173335,0.13603978269784545,0.3273277285173335,0.13603978269784545,0.37680084564706545,0.28059041595094214,0.37680084564706545,0.28059041595094214,0.255858170789512,0.28059041595094214,0.255858170789512,0.28059041595094214,0.22907925159342213,0.13585294240651116,0.22907925159342213,0.13585294240651116,0.255858170789512,0.22196048242921063,0.255858170789512,0.22196048242921063,0.255858170789512,0.28059041595094214,0.255858170789512,0.28059041595094214,0.32712472373353396,0.13603978269784545,0.32712472373353396,0.13603978269784545,0.37680084564706545,0.28059041595094214,0.37680084564706545,0.28059041595094214,0.255858170789512,0.28059041595094214,0.255858170789512,0.28059041595094214,0.13274994552109518,0.13405602206653167,0.13234516887109785,0.1314780201051064,0.1327175765730446,0.13306376003015982,0.1334366347770025
JCP2022_050797,292.0,0.16630275252088328,0.16405534296531943,0.18760990813464348,0.18338475599497478,0.13339756366473898,0.1327369447726246,0.13339756366473898,0.1327369447726246,0.1402431906482931,0.14873568098663104,0.1402431906482931,0.14873568098663104,0.14129903154778523,0.14985844285385846,0.14129903154778523,0.14985844285385846,0.1504764778741769,0.16430062948560842,0.16805584769003037,0.17164465332141854,0.13085319788469607,0.18243079096464174,0.1677654785183832,0.13835577328355178,0.13231462210393682,0.13835577328355178,0.13231462210393682,0.14982346886485912,0.1501771102699662,0.14982346886485912,0.1501771102699662,0.14456632679282766,0.1499861605999087,0.14456632679282766,0.1499861605999087,0.14979637246912272,0.1631503715234612,0.1529310303048983,0.1637772063506645,0.13283816246296695,0.16405534296531943,0.16405534296531943,0.1312154880553443,0.13166995531514253,0.1312154880553443,0.13166995531514253,0.1398698542288226,0.15029045260891505,0.1398698542288226,0.15029045260891505,0.14129903154778523,0.14985844285385846,0.14129903154778523,0.14985844285385846,0.13115572866456393,0.131669652427363,0.13115572866456393,0.131669652427363,0.13986982388642688,0.15029050877156974,0.13986982388642688,0.15029050877156974,0.14129903154778523,0.14985844285385846,0.14129903154778523,0.14985844285385846,0.1504764778741769,0.16430062948560842,0.16805584769003037,0.17164465332141854,0.1504764778741769,0.16430062948560842,0.16805584769003037,0.17164465332141854,0.13078118465333521,0.13002354267655275,0.13879769744287526,0.13722939409656446,0.13955228748315943,0.1372490924234837,0.13294718748083362,0.1392587618975938,0.1416038235003425,0.13926670692703746,0.1265322134129057,0.14324142733647216,0.14157189112658855,0.14324064767423864,0.12460249064848564,0.1388088470761978,0.16352525208541333,0.13669851588394302,0.17441523376437468,0.17831435365158266,0.16352798037918145,0.1366995305779576,0.125832906547634,0.13680049722545204,0.1427500212315218,0.12852277384255567,0.17232218909710947,0.17751277509143293,0.14274780499484205,0.12852362655093458,0.10964940682169874,0.11032838864059569,0.1504614683285327,0.1480179546020974,0.1598019079862483,0.14550038342101548,0.15046021528245707,0.14801763597881837,0.13419446823881903,0.13960010459992941,0.1334484527063234,0.14034155603426385,0.13419446823881903,0.13633481497250716,0.1334484527063234,0.1321876251126657,0.13582973200368384,0.13791813770900804,0.13576068761644203,0.13776717917290085,0.135761842880499,0.13684127530633827,0.13568928764392407,0.1368387757632605,0.13419426835729287,0.1420024709731266,0.1334485279903481,0.14102768582710734,0.13419426835729287,0.13626309137320855,0.1334485279903481,0.1336862769074545,0.1358296664466818,0.1379178752899491,0.1357606357812171,0.13776739272739505,0.13576194756690624,0.13684062078275885,0.13568937700590797,0.13683925088371782,0.1381982677182498,0.14629174737509176,0.13921790823677938,0.14643574876287352,0.14425395044038655,0.14336597961602746,0.14548700387280722,0.13869173129160162,0.1398041085107681,0.14215684417509128,0.14042380547293187,0.1436466301376463,0.14504176943427657,0.14682767604762767,0.14609112919797607,0.1482976527573458,0.13819800979012792,0.1508442942853039,0.13921794556677147,0.14756592870230292,0.141304448677652,0.1430067265932802,0.14276783457912998,0.1430459843669297,0.13980287390053248,0.1421571489510209,0.14042349638875556,0.14364697536270327,0.1450429854610804,0.1468282533791531,0.14608996924937934,0.14829642913694813,0.13655415590259232,0.14418403188763682,0.14090643685297694,0.15323923141834303,0.1436216827432944,0.1433824266648392,0.1466163633971539,0.13937092757888994,0.13791009939219828,0.14521273405102345,0.1390650015885178,0.14868539415712967,0.14736198017695543,0.15032992978826482,0.15101026066558546,0.15396732853901704,0.1365541864968105,0.1498513498011964,0.1409064796963802,0.15252121945717442,0.14140754815723727,0.14548638278881545,0.14812875518754845,0.15931601124379013,0.13791010340066467,0.1452126954972757,0.13906477740600692,0.14868543075388818,0.14736202554378497,0.15033001346851332,0.151010318243108,0.15396738186066067,0.13120421364895998,0.13159539542968818,0.13121663464382466,0.131595592939594,0.13160561395175008,0.1292791182127546,0.13135045704601653,0.12927994823391595,0.13201948354991933,0.12989314412872077,0.1322887590361347,0.12989314412872077,0.1643931277114653,0.16417391763378483,0.16405534296531943,0.16405534296531943,0.16405534296531943,0.16405534296531943,0.18760990813464348,0.18338475599497478,0.18760990813464348,0.18338475599497478,0.18760990813464348,0.18338475599497478,0.18760990813464348,0.18338475599497478,0.13500127771480178,0.13623558504649746,0.13500127771480178,0.13623558504649746,0.14129903154778523,0.14464125776499742,0.14129903154778523,0.14464125776499742,0.14129903154778523,0.14985844285385846,0.14129903154778523,0.14985844285385846,0.13193096475443206,0.13239962702620367,0.13193096475443206,0.13239962702620367,0.14062200379894485,0.14985844285385846,0.14062200379894485,0.14985844285385846,0.14129903154778523,0.14985844285385846,0.14129903154778523,0.14985844285385846,0.1350110755107634,0.13623558504649746,0.1350110755107634,0.13623558504649746,0.14129903154778523,0.14464125776499742,0.14129903154778523,0.14464125776499742,0.14129903154778523,0.14985844285385846,0.14129903154778523,0.14985844285385846,0.13254337331163768,0.13239962702620367,0.13254337331163768,0.13239962702620367,0.14062200379894485,0.14985844285385846,0.14062200379894485,0.14985844285385846,0.14129903154778523,0.14985844285385846,0.14129903154778523,0.14985844285385846,0.13361507997430797,0.13270170219600955,0.1325877086258599,0.13187453481438557,0.12939083833008827,0.12698893889381221,0.13101703070605672
JCP2022_064022,292.0,0.19564494183504044,0.23907113773212077,0.23442810995217642,0.24956313732848553,0.19638813562495164,0.13323999936639622,0.19638813562495164,0.13323999936639622,0.257588115805029,0.22767242760957673,0.257588115805029,0.22767242760957673,0.1823105169780373,0.22457357849844115,0.1823105169780373,0.22457357849844115,0.19378187695870588,0.26230885131302095,0.18458457969550288,0.23565189786550436,0.13162483700564637,0.20001727952956494,0.2692244388771123,0.21177492045833404,0.13415572090679848,0.21177492045833404,0.13415572090679848,0.24731329489088513,0.22448633202515306,0.24731329489088513,0.22448633202515306,0.22446892687611586,0.22114328188163837,0.22446892687611586,0.22114328188163837,0.21456444224956084,0.23967545180599295,0.200815153166801,0.2188497877476198,0.132050066169977,0.23907113773212077,0.23907113773212077,0.2268565155720666,0.1342067995482179,0.2268565155720666,0.1342067995482179,0.25581995687081954,0.2281464520183444,0.25581995687081954,0.2281464520183444,0.1823105169780373,0.22457357849844115,0.1823105169780373,0.22457357849844115,0.22665721416756815,0.1342066086517098,0.22665721416756815,0.1342066086517098,0.25581996386572775,0.22814664558175005,0.25581996386572775,0.22814664558175005,0.1823105169780373,0.22457357849844115,0.1823105169780373,0.22457357849844115,0.19378187695870588,0.26230885131302095,0.18458457969550288,0.23565189786550436,0.19378187695870588,0.26230885131302095,0.18458457969550288,0.23565189786550436,0.13175264542782342,0.1343327412751018,0.1877965612710593,0.14464139159936995,0.18690329200185904,0.1446460927874362,0.21006475206541417,0.16985196389062565,0.225417759419074,0.1698505265483711,0.1885689286302269,0.2012751051882909,0.2316895895761541,0.2012760849227718,0.17474816991195918,0.20331577100980378,0.1427411257875574,0.13836922083735947,0.16121394314453621,0.17156644161893123,0.14274238092578437,0.13836935299972855,0.205547950679916,0.21737131210512867,0.1498742249511721,0.18965826030991131,0.1868236893627629,0.1896974164048867,0.1498688739573463,0.18966070599481274,0.16534106174607252,0.1676166747001879,0.15060747345053238,0.16990613856051318,0.16908383299745236,0.18742403507606287,0.150607937246804,0.16990605017776644,0.15907876752090827,0.1481803049227568,0.16028129065989136,0.2063935893926271,0.15907876752090827,0.1450639016533947,0.16028129065989136,0.18788286632268605,0.14421904049202486,0.14533733368950622,0.1441076180077976,0.14534154615452394,0.14436665374463123,0.14535526790142062,0.1442292775581056,0.14529907232728767,0.15907912835588406,0.14804231749994667,0.16028122876791615,0.20464756771670403,0.15907912835588406,0.14510904698956337,0.16028122876791615,0.1854432225160313,0.1442196342993155,0.14533714731119643,0.1441077070735724,0.1453415506906765,0.14436626681239093,0.14535518014513396,0.1442290849801684,0.14529922828587605,0.16223052965483478,0.1695635432904097,0.1726905136876539,0.23698074193068436,0.1572034956307526,0.16224857651760094,0.1657742032488794,0.2136171162338393,0.16575712065462334,0.1775171210649138,0.16944986409203971,0.18956919504305597,0.15352020378859546,0.15733783076716243,0.15786075717393194,0.16606802180985542,0.16223058138217886,0.16838313266254235,0.17269103876671357,0.24354853286096845,0.15995122538226347,0.16256741228999527,0.1696764168167966,0.22107417001385332,0.16575838913820318,0.17751778286781067,0.1694501276268958,0.18956944354489655,0.1535190900022381,0.15733702400788482,0.15786197148902115,0.1660681911922144,0.16052085999605803,0.16983972738785136,0.18373485262809852,0.22751347677831102,0.15070009977087406,0.1592295095080293,0.16484449654537744,0.2058114142529183,0.18058495869899863,0.19476306334888865,0.1905784187471642,0.22593732457569526,0.163460546893728,0.17058702381860139,0.1728614859332085,0.19164476681684092,0.16052085999605803,0.16337413229347156,0.18373483925424272,0.24595646127807558,0.15747763713802132,0.1603980500237956,0.17835985145787964,0.22561514670176594,0.180584981226641,0.19476307870238208,0.1905784316798614,0.22593739074153002,0.16346052797318314,0.17058714907005174,0.17286147484891037,0.1916447808044976,0.13119921299612514,0.13143265443803645,0.13142109815793165,0.13143238856255093,0.13152917292788038,0.13156047559392864,0.13150137102048987,0.13156049516257207,0.1323798822487746,0.1303183643393265,0.13209030790253617,0.1303183643393265,0.2403075653612484,0.2392809806757131,0.23907113773212077,0.23907113773212077,0.23907113773212077,0.23907113773212077,0.23442810995217642,0.24956313732848553,0.23442810995217642,0.24956313732848553,0.23442810995217642,0.24956313732848553,0.23442810995217642,0.24956313732848553,0.1708752817585984,0.13655990901202744,0.1708752817585984,0.13655990901202744,0.1823105169780373,0.18583061540016085,0.1823105169780373,0.18583061540016085,0.1823105169780373,0.22457357849844115,0.1823105169780373,0.22457357849844115,0.2258677792996441,0.13630019543206162,0.2258677792996441,0.13630019543206162,0.25250140549017747,0.22457357849844115,0.25250140549017747,0.22457357849844115,0.1823105169780373,0.22457357849844115,0.1823105169780373,0.22457357849844115,0.17059858255823093,0.13655990901202744,0.17059858255823093,0.13655990901202744,0.1823105169780373,0.18583061540016085,0.1823105169780373,0.18583061540016085,0.1823105169780373,0.22457357849844115,0.1823105169780373,0.22457357849844115,0.22554551852406657,0.13630019543206162,0.22554551852406657,0.13630019543206162,0.25250140549017747,0.22457357849844115,0.25250140549017747,0.22457357849844115,0.1823105169780373,0.22457357849844115,0.1823105169780373,0.22457357849844115,0.13257220859398394,0.13419968899598808,0.1320985776450321,0.1312488978905898,0.13235811194227728,0.13296915538579993,0.1329120182985034
JCP2022_085227,284.0,0.16393448454803114,0.18153730858819894,0.1902433486270615,0.16221517808816635,0.12996863691723146,0.1349244800907777,0.12996863691723146,0.1349244800907777,0.136948705792435,0.14917389731382982,0.136948705792435,0.14917389731382982,0.13759630632206385,0.1508717463035286,0.13759630632206385,0.1508717463035286,0.1556075579944228,0.18331124525286185,0.16517676959992875,0.18539473042454707,0.12881273892303693,0.18325930352889555,0.16962224778320675,0.1350670690111054,0.13443462570189793,0.1350670690111054,0.13443462570189793,0.14420014390103764,0.15050236962837749,0.14420014390103764,0.15050236962837749,0.1392649148492799,0.1500945531976681,0.1392649148492799,0.1500945531976681,0.1618395469564553,0.1804916546471277,0.1626353739850109,0.1786480857364723,0.13099685975981692,0.18153730858819894,0.18153730858819894,0.13123758143875214,0.1321961844211483,0.13123758143875214,0.1321961844211483,0.13913448129261033,0.15192324081959654,0.13913448129261033,0.15192324081959654,0.13759630632206385,0.1508717463035286,0.13759630632206385,0.1508717463035286,0.13122685619156696,0.13219621283643,0.13122685619156696,0.13219621283643,0.1391341345085765,0.15192303334595797,0.1391341345085765,0.15192303334595797,0.13759630632206385,0.1508717463035286,0.13759630632206385,0.1508717463035286,0.1556075579944228,0.18331124525286185,0.16517676959992875,0.18539473042454707,0.1556075579944228,0.18331124525286185,0.16517676959992875,0.18539473042454707,0.12917345503923738,0.12929410734647084,0.135998831584357,0.13504712575737865,0.13617143656545347,0.13505600767629483,0.12801350009450604,0.13651648846214376,0.1381158058334908,0.13651501865943072,0.12077587914704362,0.14405293376538716,0.1394191035275073,0.1440530945360702,0.12527427999897014,0.1408438236209746,0.1450728984878723,0.13437360639806528,0.1483315885180796,0.16475060615318762,0.14507588956535142,0.13437648845844996,0.12883841346559016,0.13952880112323401,0.1549427661755735,0.13482017652283154,0.14965249483521087,0.16208095781734067,0.1549442195230409,0.13482192554478586,0.11159151123197569,0.11624988565852883,0.15891779619397495,0.14943006948613594,0.14638402421222174,0.14536707710251193,0.15891833371094807,0.1494298838790951,0.13120456600264724,0.1349869210615538,0.1312274975985542,0.13794890445001218,0.13120456600264724,0.13152769851648635,0.1312274975985542,0.12926356764299607,0.13288331838465425,0.13539547647431519,0.1331176728030953,0.13578958529639157,0.13276573811696582,0.13446520294679726,0.1330208074004944,0.13487084452249032,0.13120492611234744,0.13679120791990793,0.1312275324996597,0.1383033541900405,0.13120492611234744,0.13156942378849695,0.1312275324996597,0.1302996285633878,0.13288317065518068,0.13539567218589857,0.133117208724212,0.1357898385162528,0.1327657286762409,0.13446558611231077,0.1330207846392029,0.13487096804105428,0.13347569759822173,0.14538987049909985,0.1343442016965715,0.14273447838111766,0.13842969338496508,0.13797145883662396,0.13951007320371184,0.1315566463069421,0.13595669100655386,0.138537203852587,0.13636986560318298,0.1400793392105485,0.13975518037738527,0.14110712728090216,0.1405524871008621,0.14201799336035617,0.1334759910620838,0.14846617205772425,0.1343444529791735,0.14441171032849973,0.13590314568496725,0.13738460601200567,0.13697756109647166,0.13540125190730506,0.13595692577764856,0.13853685339413885,0.13636963863406426,0.1400802047815862,0.1397532661152144,0.1411077457417376,0.14055179012674945,0.14201770278912532,0.13307279861546048,0.14336074284585681,0.13753020922261827,0.1486944499822101,0.13559617113449948,0.13682738134953829,0.13729827442364306,0.13399728048035764,0.13681303970599865,0.14480690936756763,0.13941624865065474,0.15081766570582908,0.1447299055865536,0.14786993111971608,0.14939594146669252,0.15266174038309757,0.1330727914905416,0.15129398848457895,0.13753020922261827,0.14842893723106193,0.13642960009209387,0.14087987474080216,0.14291635265350597,0.1493621713249631,0.13681302598353223,0.14480693526836255,0.13941624941573713,0.15081766747870343,0.14473025417320395,0.1478699681490391,0.149396034134769,0.15266169162389137,0.12734260927284666,0.12816024013288246,0.12735729543663182,0.12816048608939057,0.1282590774530929,0.12564789932984152,0.1282383958962555,0.12564683101117952,0.12963243614311692,0.12776293998048613,0.12961790664217096,0.12776293998048613,0.18196422790829117,0.18185649668587162,0.18153730858819894,0.18153730858819894,0.18153730858819894,0.18153730858819894,0.1902433486270615,0.16221517808816635,0.1902433486270615,0.16221517808816635,0.1902433486270615,0.16221517808816635,0.1902433486270615,0.16221517808816635,0.13306690023193773,0.13161238524284077,0.13306690023193773,0.13161238524284077,0.13759630632206385,0.145046130912929,0.13759630632206385,0.145046130912929,0.13759630632206385,0.1508717463035286,0.13759630632206385,0.1508717463035286,0.13090872543797025,0.13165393350391483,0.13090872543797025,0.13165393350391483,0.13859993654191663,0.1508717463035286,0.13859993654191663,0.1508717463035286,0.13759630632206385,0.1508717463035286,0.13759630632206385,0.1508717463035286,0.1329520594625947,0.13161238524284077,0.1329520594625947,0.13161238524284077,0.13759630632206385,0.145046130912929,0.13759630632206385,0.145046130912929,0.13759630632206385,0.1508717463035286,0.13759630632206385,0.1508717463035286,0.13076858784294657,0.13165393350391483,0.13076858784294657,0.13165393350391483,0.13859993654191663,0.1508717463035286,0.13859993654191663,0.1508717463035286,0.13759630632206385,0.1508717463035286,0.13759630632206385,0.1508717463035286,0.13171930820534167,0.12926988684129834,0.13158590159549347,0.13024880401851022,0.12776081440492792,0.12606240929459675,0.12874169055513018
Mean mAP,277.0,0.18754666979488105,0.2434282552997638,0.23300384947411873,0.18135041041605054,0.19820029082263807,0.12956659094451967,0.19820029082263807,0.12956659094451967,0.24273204283822547,0.20393888748556122,0.24273204283822547,0.20393888748556122,0.18556681611567924,0.2147371973760471,0.18556681611567924,0.2147371973760471,0.1947014828500701,0.2559437273104268,0.19108843600170822,0.252194802735527,0.12815119050230211,0.220532281284104,0.22059420144785957,0.2075953368216914,0.12969669713745102,0.2075953368216914,0.12969669713745102,0.2560322208402003,0.21625198339726182,0.2560322208402003,0.21625198339726182,0.238988054341029,0.21377180775377577,0.238988054341029,0.21377180775377577,0.2258168522976,0.2426918938291147,0.2194096561058933,0.23364150354419508,0.12720055933077287,0.2434282552997638,0.2434282552997638,0.22507327628570728,0.12906150837371202,0.22507327628570728,0.12906150837371202,0.25584774865283466,0.21590353291993447,0.25584774865283466,0.21590353291993447,0.18556681611567924,0.2147371973760471,0.18556681611567924,0.2147371973760471,0.22507042068512495,0.1290614522690487,0.22507042068512495,0.1290614522690487,0.25584756758103333,0.2159036938908154,0.25584756758103333,0.2159036938908154,0.18556681611567924,0.2147371973760471,0.18556681611567924,0.2147371973760471,0.1947014828500701,0.2559437273104268,0.19108843600170822,0.252194802735527,0.1947014828500701,0.2559437273104268,0.19108843600170822,0.252194802735527,0.12836491068274705,0.12777359624474707,0.19282284876419248,0.13565413328982068,0.19025968362424112,0.13565627114632023,0.23123265152568398,0.1584515572158612,0.2295679834561688,0.15845057509771904,0.19986680343678004,0.19005162543527093,0.2315366295744984,0.19005140968556977,0.14978879647995325,0.15646588511216608,0.13255924634931943,0.13222435179335523,0.14541500984699846,0.14944641103158995,0.13256057225419002,0.132225006509324,0.17463883079992748,0.16507001441640973,0.1371927374549832,0.13935551788579217,0.1626438225300166,0.15624913122724154,0.1371931930148906,0.13935704464795717,0.14823051997951237,0.14358199590563006,0.15036880848472467,0.14737246181412772,0.14652614829896576,0.15576208865273583,0.15036868997188677,0.1473724499852767,0.16886362785507386,0.14729713557525514,0.17176377823298014,0.22120743446658592,0.16886362785507386,0.14595518534937657,0.17176377823298014,0.2075295584730409,0.13481110753849768,0.13691796128065828,0.1348585958542125,0.13652271969945054,0.13483118151947954,0.13634359985172279,0.13487703140254348,0.13601312652727146,0.16886374759169814,0.1486933577328564,0.17176373018849425,0.21888811333271013,0.16886374759169814,0.1458349598662661,0.17176373018849425,0.20362769817430101,0.13481109461528454,0.13691757565426954,0.1348589686250295,0.13652280263479077,0.13483100951899038,0.1363436269292384,0.13487683013246207,0.13601328983002126,0.16713221080140048,0.1761507162128742,0.18383504203463136,0.2520815806117578,0.16397424687676534,0.1719843734548676,0.17967488782500976,0.2424821345415842,0.16854064619783307,0.1725792171279569,0.17198999460175385,0.1824051861806188,0.1663444736521612,0.17042119373246323,0.17009205062585364,0.17923399259804074,0.16713212263983385,0.17850534877491442,0.18383517916376355,0.25364786582591686,0.166053757296516,0.1724358422613257,0.18232598478097772,0.2422619177203091,0.16854081499876952,0.1725793013436761,0.171990099267686,0.18240537736005907,0.16634454898034545,0.17042053628818593,0.17009198020595334,0.17923329574509006,0.158290951242766,0.1700839512151044,0.18607781219165442,0.23725800696739224,0.15401691543301022,0.16503106011061242,0.17812219631588322,0.22490811978700714,0.18389453404641437,0.19078537405416396,0.19162864193327347,0.21777602284973013,0.18122017805006585,0.18819106073520353,0.18932142394540796,0.21166465550746497,0.15829095136108817,0.16762392416105415,0.18607780696054135,0.2493861059285698,0.15730267103777948,0.16368750124205564,0.18406069942092895,0.23796928396545203,0.1838945309398179,0.19078534836887368,0.19162862494018917,0.21777602257814593,0.18122024861634525,0.18819108482355598,0.1893214402209516,0.211664676817508,0.12638830465555767,0.1257518933392645,0.12640919969438746,0.12575181718024725,0.12683833222235966,0.12577946613987842,0.12697647318114982,0.1257793880704604,0.12802799182488867,0.1262465194874304,0.12802310882153822,0.1262465194874304,0.2438449371091073,0.24368272182434392,0.2434282552997638,0.2434282552997638,0.2434282552997638,0.2434282552997638,0.23300384947411873,0.18135041041605054,0.23300384947411873,0.18135041041605054,0.23300384947411873,0.18135041041605054,0.23300384947411873,0.18135041041605054,0.17093009886762273,0.1316396252536675,0.17093009886762273,0.1316396252536675,0.18556681611567924,0.1782182030288037,0.18556681611567924,0.1782182030288037,0.18556681611567924,0.2147371973760471,0.18556681611567924,0.2147371973760471,0.22736558842553722,0.13032108362544242,0.22736558842553722,0.13032108362544242,0.25492419869738414,0.2147371973760471,0.25492419869738414,0.2147371973760471,0.18556681611567924,0.2147371973760471,0.18556681611567924,0.2147371973760471,0.17088175418036863,0.1316396252536675,0.17088175418036863,0.1316396252536675,0.18556681611567924,0.1782182030288037,0.18556681611567924,0.1782182030288037,0.18556681611567924,0.2147371973760471,0.18556681611567924,0.2147371973760471,0.22735858097524053,0.13032108362544242,0.22735858097524053,0.13032108362544242,0.25492419869738414,0.2147371973760471,0.25492419869738414,0.2147371973760471,0.18556681611567924,0.2147371973760471,0.18556681611567924,0.2147371973760471,0.1272584615804727,0.12693420331965152,0.12762624762572405,0.12706821342524,0.126903057502668,0.1272871759734262,0.12781267698191118
